100
277837
630015
332533
599326
638182
339070
539338
274615
210031
631993
688079
651439
300269
223069
465160
555763
487976
198935
557613
698297
339088
305451
556221
605130
599710
192636
302832
159969
623972
649297
688043
638786
492975
158138
205435
418265
381112
402994
668963
639537
225797
459062
399057
407993
656932
497845
284631
410831
442454
137556
426322
533424
406180
270733
167714
155647
674090
699707
220908
509711
605368
611832
492224
380380
264562
225376
114612
129225
190933
437181
493121
523792
121278
603702
469262
553127
622672
286389
610935
510920
490942
292944
333869
127503
471825
445274
661144
431907
160225
205875
526576
325080
434526
193551
628806
145997
681744
519837
341743
211368
