10000
636076
416471
348647
609525
569790
690753
232115
495245
134278
677825
668889
620511
139186
518171
692767
687896
155007
151729
629704
511487
568416
493597
226878
118403
342714
263005
614908
669530
664788
222318
334474
405612
359304
481915
558803
525092
452049
227354
142921
199612
163100
525092
431339
433995
511615
362856
454814
176247
212796
381240
648308
184542
649132
252293
520460
456792
396274
561934
606522
129554
285693
551808
135597
652318
684527
177438
143837
143269
574441
238432
464135
133271
510590
637413
324494
603574
441813
123438
585629
324146
473473
576785
549171
598795
354085
590591
568087
622782
367031
606412
390085
559957
608646
159328
265569
545051
133821
489019
151289
317701
150484
273260
440880
294372
144130
139827
153725
384335
113623
113239
213144
356191
199759
252458
545418
460857
687457
635820
430570
117542
263024
149605
436595
568966
308106
436320
367983
311621
510608
658910
559920
608151
175002
237315
349599
287213
112415
613663
455565
137684
292157
401859
696649
303308
135670
178646
381423
183682
234587
471661
599948
448607
373605
200931
148231
471093
439781
130470
517658
386074
299463
585574
279724
480688
423978
392410
297943
522419
545418
696429
697876
131257
523737
215067
226548
402646
106446
581985
532856
686523
562209
537983
199484
329658
669311
626078
258428
487078
240629
145778
620750
208658
666271
223746
151985
507642
654698
156526
224845
416800
654277
281921
479662
538936
335939
335005
424619
497626
218583
545271
406565
394736
218162
430955
583779
480670
201901
146950
431925
143928
128877
542433
414548
625950
658159
184433
549208
567574
605679
503961
500464
193478
531410
520222
131294
240794
437602
699982
343831
637907
259801
407663
140706
640049
131605
102966
538569
627873
104486
541755
464629
674914
503998
536866
667736
290692
203476
534870
175112
445274
596707
365200
126185
281811
550526
217612
114356
423264
318836
404550
668432
479388
299133
564516
604672
260405
612986
462651
480926
103717
591397
644884
283734
219517
546681
301788
180074
461937
111847
198532
264763
431816
328797
227042
334730
117377
166561
636644
421653
378951
650963
699579
113825
484222
686816
267418
399057
399991
153890
374905
659130
246947
358113
547011
547707
423502
618900
366170
582754
204959
274175
555177
384390
124537
684252
332478
389993
542030
315687
696118
577242
506726
286572
192123
226841
120820
254289
624284
655797
309241
227244
260845
552724
202524
181484
395083
246232
438865
463860
415226
338081
591324
262529
640764
231510
226988
126551
680810
587130
203842
415336
571072
236454
511725
459502
245518
585391
263848
514380
399149
237992
344838
487207
297906
672497
521686
519581
392264
300287
523847
406034
490374
139644
498761
530329
147517
234880
148982
100513
427512
452544
357179
164180
492828
385873
605332
584841
179360
598721
194229
261010
212430
540052
169729
569185
419712
160463
161855
311695
197946
562044
242955
151125
389352
512366
211332
612143
623991
354524
406583
232151
284393
543916
662664
142170
148891
343318
305158
658947
269469
107306
599106
369466
140724
687585
553127
689801
316163
389975
686834
578378
127851
414933
266961
586123
266100
612290
219333
323853
674841
681689
222098
128730
119428
650194
387082
610495
483123
157845
235081
659368
547926
582900
571859
196225
316895
537489
370437
446959
633384
165517
266485
221421
553914
573690
572848
179177
630857
626774
619303
362618
161086
238853
524122
578780
156929
391476
203549
311548
695514
609799
325227
544960
203055
328431
612180
579073
330061
677898
203348
619834
573782
522932
277123
223893
104230
684234
443864
379830
550014
574422
513977
506763
199979
579843
347438
552083
377377
419236
391458
669054
642393
210727
412003
255809
579440
478179
225962
236930
425553
628184
539833
168795
295984
529212
501178
650139
463311
523774
269524
218729
646330
305103
412424
215909
164986
389608
433116
199631
517566
616135
236344
387906
236308
603500
237992
313269
377908
197580
325391
570101
305011
639006
574056
435533
314899
282672
327369
645671
371755
600754
345589
507898
698737
699945
429911
430955
685864
284448
228471
253758
670501
696045
430076
254308
646055
562136
652116
619926
455547
283404
228855
260039
326289
492242
606449
342915
301660
312848
550691
237297
426542
354872
274029
240483
242424
671252
287982
574001
648582
411856
287085
227940
685461
204172
670775
135670
696686
191958
609470
459593
225669
163594
661016
669530
303491
101007
243706
595114
283679
380544
372323
333082
680828
557082
163118
190988
368880
162624
514435
348408
195346
450603
468749
216971
167916
316913
262731
180715
469463
329585
171413
297375
657903
297412
152736
442528
106977
109705
198788
677514
644572
677770
399771
322352
644041
309552
627360
515149
125800
148964
643291
338795
124702
210672
539540
296899
279705
241966
516596
219352
101978
142793
505628
579604
678008
375307
441264
304279
263390
693994
490869
656749
324238
627854
246727
475652
481823
645781
387503
149861
117121
236344
414805
211057
691375
233341
171761
524964
138801
218198
549171
362746
388034
130671
285931
533882
168099
519013
469939
661327
155538
360695
445384
580758
418833
685314
333210
144752
416141
330427
470544
413395
103076
462139
375546
512311
406326
591140
143983
339692
419492
315815
283569
403360
377670
323560
492517
569039
566530
681524
588449
401364
422587
147993
494037
478674
580740
535932
685406
162752
125141
659441
609726
205179
200107
694928
678301
270898
236784
287799
541041
360878
352272
436229
449156
414841
377157
283020
211698
475140
667846
647063
152663
493396
559865
625272
374740
360878
218601
296771
335755
443974
543275
660027
444578
205948
280914
634574
482061
596451
606284
258336
153963
589547
123933
312079
181503
152132
149074
301862
236125
623569
222868
631077
524818
387686
118989
693133
331709
219059
297302
516120
323048
583926
261174
690643
120820
477667
574459
412168
352144
479846
194504
369008
680096
407956
277471
107288
622471
251433
112214
204154
664714
166854
538716
680352
273223
415702
507825
583486
515387
626096
338008
373495
692218
459429
325813
640965
290472
463530
465947
590078
460088
393179
137465
617325
122980
379647
512183
417057
120124
430186
141621
545253
302521
638896
278698
672808
572628
590225
190475
659478
382430
336122
218088
679730
494476
228562
640324
531959
311805
188003
296826
361904
583651
489862
427403
532069
592441
449394
283551
467760
228837
687036
168593
211679
260973
554756
262401
317701
403873
605203
687310
215452
495831
484588
171194
276830
187289
330610
564150
515809
649297
256816
164803
552504
106885
604471
512787
373202
504547
543220
603391
517090
309223
101904
180679
621317
357674
210746
465654
355531
154146
435917
574935
477081
124702
388089
187216
238102
434416
286132
112946
275951
473693
656914
523847
617985
420060
252879
498376
532032
581600
568380
439653
653948
528095
436027
221696
323176
316511
484497
620530
157991
416874
338832
286224
401236
244566
544557
612326
268078
305799
496948
558693
227116
662004
156508
384133
445677
119721
432237
545143
331050
252165
413431
316657
198477
658544
131788
391678
397629
367617
434819
215360
128071
191665
251708
310266
276043
537068
233122
348848
502570
277654
446098
229478
315229
197470
505097
312152
354213
408652
620896
270312
423997
651091
548128
514893
102142
679949
312903
246910
256212
647356
301807
294720
500024
484478
393545
592441
520899
590152
514216
455492
308582
432493
497882
509803
617508
369631
433335
630583
493432
295874
578488
547395
395926
419382
223508
471148
547615
177859
584292
599966
641771
598373
306806
459465
139277
107434
664586
534358
486438
498010
629466
547121
684454
458971
697894
440275
142354
574221
453240
218381
244438
196664
345845
506104
563070
504401
471844
578451
348756
144148
232096
519617
628367
169491
652409
666655
142610
478967
646312
193863
254546
261064
401767
594894
659679
252110
172897
317866
429527
113202
457982
110767
619596
132594
245116
532435
172915
559682
506671
386019
550764
576949
623826
330940
621317
415922
322425
629612
237974
223710
201462
285089
638365
386038
235282
326160
295050
513117
130982
495740
149916
594894
322040
499200
662481
331416
279650
468639
404257
145064
122724
399405
230045
480541
408103
415226
557210
498981
681982
417917
584622
572610
674071
378384
182235
685864
515424
424619
682659
349452
261431
183316
505756
533735
501160
131367
447966
627158
134095
213181
167092
526612
296075
280383
694287
265551
314863
610019
503851
686322
677386
457433
572994
562795
689343
100366
561861
279687
408817
130122
345753
274853
534834
446263
430479
150520
232243
511231
482153
460125
374319
320814
302704
476605
183993
646971
682385
548824
155318
209098
660338
551808
436210
330207
624851
637669
353755
333906
584072
593008
263353
238835
638896
409275
602951
606522
188772
172237
533552
498999
502405
676836
647429
202506
583578
473656
124976
673412
564498
353444
621885
362545
156948
175552
667351
574587
393124
246892
655119
218070
387027
557485
408231
103131
347841
478948
398874
642247
176614
632139
604526
511121
677313
530055
281756
525532
313453
302539
438829
490228
542048
108771
288220
476659
655303
143965
260845
285125
562117
246379
462377
148286
240098
211039
553804
631681
489679
416343
136879
587863
321180
269726
225871
120289
406711
678869
686999
213309
127375
254344
226548
584219
647722
450420
409311
613956
348189
349672
488049
112671
447252
498303
125764
576125
543934
697913
391751
689361
112653
360164
312555
534046
680938
130744
359578
455510
121735
188498
553951
645653
191592
526374
370437
598373
145393
420188
121278
293255
559700
591525
201535
464318
395267
471056
276830
209427
630418
668505
194943
697290
496344
655412
502698
627744
245537
567208
148836
601926
684765
130506
654790
258483
203623
622196
534010
531941
530293
466204
641606
289611
345149
574660
635197
303381
584146
439305
628275
212357
562685
479516
217576
232884
351521
653288
565377
472082
535969
637376
518134
601028
389334
582717
242827
544099
592221
551625
362014
140468
128767
642796
468932
234312
691137
510462
604050
149440
423136
283935
574111
605258
535108
393875
695019
429820
620255
511249
639866
326527
204410
505719
573159
250499
360329
629099
652757
650926
117377
230723
680535
135743
698553
610587
183206
414933
315412
516541
104450
278332
352675
692145
389554
264708
273315
580795
643913
377926
275787
593063
546736
506745
434342
243010
600864
304315
353865
159951
500372
383712
670391
681817
496802
385745
228489
236381
645634
575246
467119
616794
314039
122120
644536
157295
631132
523609
234220
515680
262163
123365
522694
268627
387796
184652
140413
426249
269488
672680
557283
471825
482830
203476
673724
433445
599362
514765
138801
193295
598611
515278
126551
141328
591598
669164
201645
379080
336561
371041
405942
180239
328944
668578
596762
314240
546113
388418
168593
338685
428501
422037
389187
667498
378494
627451
481164
320429
557961
503284
480889
160701
265825
691375
205289
126551
277215
264013
158284
263390
624870
652409
307849
662444
404642
372140
165004
512329
485961
402481
296094
369832
108570
175094
299426
655998
246983
429087
577718
483856
523664
688116
537397
624174
152223
416068
546150
315064
492261
607529
279925
122394
496271
469262
190603
556441
630912
348976
525770
251616
552944
167476
431339
215433
121717
310797
569112
552614
429179
238157
379647
371023
628715
562264
622269
475524
443992
258135
523206
355751
539302
156746
163247
474499
432273
179507
436100
162661
530641
270220
408542
327094
173830
280383
614029
677496
661126
364394
110584
678869
347182
140614
634465
535511
386642
574972
280639
612912
408542
242644
241765
403726
302173
125031
436302
244346
595627
197250
357436
287835
207981
163283
174123
539961
256706
194339
415116
664257
101227
227280
667498
362545
304370
278735
420920
237095
492261
331782
688977
340626
194540
450914
538441
520405
245958
281957
358242
362874
230302
392868
599014
444890
348354
411783
614597
297687
190841
618809
136805
190201
397812
147188
214609
337696
285363
250975
149019
441887
421543
394443
454888
369301
231968
420463
581014
673376
217026
153359
219590
167202
661583
692932
136457
652995
418394
555635
553218
413999
246837
519398
212540
376150
487774
128089
158119
344581
556038
312079
360036
222172
231785
480999
417331
415757
631974
345094
268572
136494
642961
221293
142079
400797
495923
480322
476678
237590
465984
490960
444505
108881
376461
118073
607016
449028
489349
530183
535328
329749
463494
173025
526484
356520
561531
665703
646458
403104
587002
474883
231437
489953
132539
124116
678686
213236
421067
394150
257787
230393
520313
470159
574313
608554
212796
293017
216166
142134
502002
269890
614853
445970
236088
201077
252110
329768
230522
179067
443681
460692
170699
516083
631187
220084
275933
456407
413596
160500
206040
529780
649187
369320
591763
501892
459612
345442
270128
178628
467211
294958
606449
419950
696558
452306
383493
219681
471935
132923
439817
407865
141639
324110
338044
231272
560634
119538
244420
368990
162331
404715
501086
438810
551479
298566
671966
351009
648766
358333
144020
165590
518592
453276
264635
609305
311512
314002
496527
108606
452196
263372
571676
695129
504328
535200
525220
639262
443864
287194
390634
568929
571621
114283
437657
329109
196573
168575
133821
138691
321235
692163
311292
100842
259984
669036
119794
223160
622105
202615
447343
403836
190402
524635
589621
140083
326838
642064
449614
415061
236180
128144
448369
319568
319422
463897
628532
464812
547633
636058
131532
342329
287872
398141
330006
487536
312354
300525
196390
202963
221915
495923
389279
497589
415372
626536
438426
598300
635618
399020
109925
690002
624174
153780
132740
440495
314972
434416
167696
566256
298987
463897
600461
595553
590719
533753
639445
685113
227903
412241
500134
646458
535841
577956
156966
438371
187033
185110
644133
681506
488324
366720
386111
251598
625639
181759
340077
307520
698755
413028
230393
410044
676305
121314
257237
288238
503027
562722
160152
109210
290088
174911
417954
207559
419913
639006
466314
330885
496710
522730
513996
557723
573873
111957
639335
343703
589694
535932
147957
252733
242479
393124
473125
429051
636460
583761
199814
366573
329347
155007
493982
631809
313562
465600
518116
296478
361556
475579
514380
336158
666894
467925
536537
151234
212412
607859
512018
466332
396603
246416
415244
364467
549171
574404
233634
512384
467577
332899
307300
332917
205490
386843
523957
581051
244328
267492
150044
279669
679327
690515
379556
671416
151289
555525
581564
342567
355403
633769
527857
175771
657994
649608
181997
487317
652995
162716
330903
605423
589053
156691
440110
645927
698498
140706
614377
141328
159529
270128
444469
479864
323084
292761
421470
410117
335005
626572
500061
568471
585501
375253
291772
284594
316639
588119
269579
222080
619486
370272
665191
109742
351521
149330
439891
320466
406619
305304
210819
153377
267656
469243
113349
375985
473968
297687
680993
482025
334236
428391
124335
621958
316565
224168
289941
461589
246654
610843
280566
125855
345314
215433
217960
283221
436888
311237
129536
527711
159456
175588
240098
314093
308399
166854
249895
403250
344288
126771
280218
673138
596506
214554
467907
652300
593851
178646
689837
431816
253356
572903
398801
511982
158522
122889
652007
640013
458257
549116
513208
395029
617765
452818
110254
376644
152681
371206
128565
153102
177657
607840
422550
225651
500555
144862
125526
565029
493707
443004
140083
576565
273278
235649
189358
250005
218290
123548
311255
150392
160005
675903
176302
606101
473583
244438
110584
150465
402738
196774
205106
173281
648967
374886
192581
238066
156417
285400
673284
621885
123804
227830
570650
133363
374300
466753
398599
365804
515131
454558
221018
241032
617820
410758
685498
400778
650212
664202
211679
101209
591964
464354
316437
167696
464263
668212
156197
665172
405374
608481
668377
240904
623093
149971
592715
196042
155428
240062
554079
441411
270751
359322
487774
594803
638530
579165
588650
575228
102179
632029
665319
150832
385104
100916
280786
196591
560945
534339
560506
317866
419895
392630
449358
396365
561715
432548
298675
114631
547047
235704
164657
415189
338136
487518
299243
350771
360292
112781
214902
481823
615329
474169
204556
277490
178079
339747
497626
676415
507587
426066
133876
463439
103735
622709
336012
618790
141090
304883
662279
495465
210691
440074
520423
581710
201498
495044
324421
504328
652501
249565
474718
429215
206607
123090
243706
515607
498102
520313
147645
579843
304059
402408
285949
625382
691961
389755
629374
194888
593905
402591
538386
201022
339198
145778
492718
391806
376351
244035
313581
307062
115748
333723
459685
482318
324384
317518
678338
355843
203586
488379
192837
435862
381460
128657
307556
383401
550764
491089
411692
567757
584036
367489
263207
550179
456627
351704
134095
252532
609397
402939
298181
266869
481988
215635
442747
462249
448186
202414
485247
545161
684289
595956
376406
529652
402133
676379
370858
573507
577700
430296
546516
536610
406674
647703
454192
517933
218308
162972
678466
327259
478619
646385
591012
347823
614322
252055
678027
546406
488781
329017
122468
686688
461113
501288
422806
302686
459703
323286
329182
287909
601505
217136
678613
456975
188223
697546
209995
335591
610825
390982
340828
535530
593246
255296
586013
570321
107105
105878
200913
668432
188223
254784
329347
439872
586270
368862
637761
152663
479003
553475
317170
475121
582205
367745
433995
440623
486383
177639
110584
290728
351979
553328
317573
553218
193735
516834
558455
410941
486016
546333
428117
518207
319788
343428
326417
120380
443187
269433
108185
233543
216147
657207
150703
339875
611045
104376
619944
355568
490027
154823
417112
127100
690863
673907
586288
412351
151857
524378
464849
602567
407920
448808
357472
141896
288055
564919
215488
100146
146583
180038
302374
455528
458495
131001
526887
343153
310523
355641
224992
426102
419346
102179
471990
244804
607767
682842
505811
501288
570595
177621
542909
134297
460949
395047
168154
541884
528791
495502
379629
207358
542415
583908
269726
485083
624650
477667
624082
402188
634446
156325
618918
632725
325739
299097
498944
500116
414292
416507
616208
364614
184121
182455
111628
451500
164473
272948
620585
676818
109009
517621
283129
326399
207852
670537
240996
344874
564443
406217
501910
490466
267766
247496
152736
112177
691888
631132
402884
205564
553273
217521
238816
503137
557961
251030
571291
655797
369173
476714
656383
461571
327039
620017
271538
397977
251360
135652
428117
413907
558986
631938
501251
637724
426798
676489
158724
157515
631700
590115
369997
530000
398746
334785
476257
573965
688830
301788
603354
505023
256908
106775
398453
167293
512421
397647
371700
418998
112635
381332
424326
227354
120637
276373
644224
329951
659020
196811
150429
618003
290326
474187
267711
298401
656053
323395
612326
590426
604691
459355
370565
413303
340809
569863
550966
421415
425938
251726
291644
442637
562630
315741
404056
276684
393033
467284
634190
309369
643199
468365
222593
499145
244218
187655
244694
192123
361757
244749
512146
322059
164766
454649
316932
250993
665264
178866
599289
407535
259618
189743
620676
578341
103497
553456
523041
209610
550984
138728
455766
174490
189322
657152
451262
362691
301019
441154
130909
348701
483691
666491
622050
494733
259581
224808
567702
544740
205893
152992
610111
265532
636772
425407
429362
391733
368752
415171
318250
630088
200583
230979
374813
180038
438682
435478
293713
526704
699670
351485
637523
361922
320905
262456
169601
390524
410849
513282
329328
677349
469610
417698
631315
491601
211917
178701
269488
104779
123035
327918
507880
698279
579238
690588
338484
637028
263775
581967
388455
465416
310285
441777
356960
481841
503760
612803
163649
247752
571529
469701
289611
687970
694543
204648
692035
138105
470873
675848
374154
595663
662352
624961
591397
530677
355495
470305
575137
112616
468383
581381
155263
609378
234312
241362
562905
414768
593814
203879
394314
661016
525843
649974
217521
671947
250041
451811
202689
413688
330665
349269
657628
398764
413834
345753
649516
599985
429234
529176
394351
230375
187454
424802
195181
545308
204428
685864
410282
523243
283862
428355
632890
181100
489294
616282
163283
180880
436778
203330
354927
483233
339583
237754
115455
504785
335975
236088
144185
535163
331562
232481
587057
269982
487335
609543
490484
216257
384555
517072
535310
626060
598007
185055
631993
115143
508594
136988
458440
622691
286627
209684
521668
467907
277178
386239
424509
160646
318451
347969
318653
321381
624851
351778
425315
167458
165444
339161
404678
521503
169802
483123
655376
598263
291552
679162
125416
326435
461736
386789
515680
461406
162734
527546
657024
245079
354231
445952
542781
469518
382229
639628
597366
300140
502661
664843
662554
515058
550636
523499
482537
316529
586673
338337
169161
371151
651091
622013
628312
434581
657939
346577
629026
617454
559481
519855
696411
648418
612784
274340
309589
190823
679492
375582
386001
569131
189853
555672
533332
161196
102820
178591
650121
613132
692749
643364
556642
532289
694433
431248
636991
415390
637669
403525
173721
267400
302466
655815
556496
467797
326124
535163
445512
540254
293658
526557
271575
382284
342567
214554
153542
410685
413340
626774
214664
379299
576986
364980
578964
525477
170626
430735
429014
600974
372671
551039
606265
444139
148616
110840
135139
649351
398819
298364
152333
389700
239476
169582
222282
549831
248119
638090
520350
224442
204666
696594
264727
139332
159548
476312
478564
450749
160042
250591
263244
479608
265935
388748
664385
436778
386056
366646
511542
695495
366610
640196
113129
467376
462871
687915
187564
438224
225120
628990
512055
419767
130543
322846
670061
173739
391861
356722
179122
464409
674236
627250
379775
495923
551680
322590
567080
190640
234147
411161
346065
464849
196591
443077
692218
357656
441044
371023
698187
370162
423466
396310
488305
670116
376040
546644
681707
519288
256560
191775
485595
178994
655998
403269
399936
250700
695367
364724
214591
307392
243559
338557
680389
172311
287011
595773
135084
301257
382430
414676
466039
424601
224186
355348
489972
105219
657353
515278
131898
368972
367598
373330
684124
463329
379427
127558
526319
301074
593741
133528
388437
244859
496179
149312
137373
389041
267437
393216
568636
595096
626756
120875
584402
436741
639702
527619
239164
311072
222025
482318
634227
472082
570138
299499
342164
442454
249840
255260
342750
360347
574770
653728
351338
117158
605112
350093
321216
242405
198660
536665
200858
392318
444926
497900
327680
598044
113550
540913
339271
529926
248796
607566
183425
134132
540547
174599
508411
497662
203824
547725
614341
498120
197671
156124
247295
694671
314734
153816
417295
416086
572720
133564
521082
102380
439158
660228
151619
256194
520661
229240
474883
660247
247697
357088
355531
216880
386532
409256
112745
466497
309186
672588
287378
540181
652977
677990
501563
403983
100714
479736
192233
149934
512879
297668
299866
190933
142903
228581
493213
315192
567080
232939
611905
656767
459996
303217
307813
138362
647026
420280
166414
242753
165004
203696
689526
668651
562374
262639
620621
127943
569936
353224
593997
240117
173702
548915
389004
579934
420866
530018
570614
235209
590188
198495
397427
530476
658177
324494
378805
272839
492151
430790
161800
376498
101593
421250
129554
221824
178829
159786
392190
205710
660521
505994
151674
639024
140980
613535
121570
647520
468987
397757
183297
432713
158559
578707
359835
348628
145979
205747
288275
150832
123347
270128
472631
274010
580538
111554
497589
694324
186593
625327
485321
432621
641844
376003
375692
455272
231767
423997
311859
428117
214444
371297
312006
480395
472100
232609
108716
234678
158467
238047
337257
259087
173281
573910
553786
597879
394644
367269
664971
336927
501160
321400
650212
660302
314533
507422
357711
353792
694342
119007
255425
612418
315723
296405
118677
307208
161855
625492
134993
368404
261870
618717
208017
240648
505866
383932
141456
266851
267986
387283
684252
156764
269213
516449
318378
196554
210508
150685
370602
155702
408231
643583
129096
147334
362490
525092
546553
198386
690222
428849
610752
385763
153706
251268
164089
694781
216257
148323
453111
656017
455913
476696
589309
317133
268773
285107
402554
205564
392904
262493
668542
638420
484240
148891
390909
436045
675701
115564
120051
195346
350771
320521
189358
579000
262731
345570
450255
176962
630894
521430
587423
196628
144954
246892
395193
137629
509052
108277
296753
107636
456078
505792
286920
535548
664403
592459
580172
537983
507550
432383
344911
695843
268371
584512
205435
696612
548970
217649
692529
599014
507422
563857
524287
376296
452983
415500
698279
494092
230522
673156
276189
579440
125654
449760
642393
136988
522016
537947
517438
168795
441502
346266
308106
653801
199136
511103
474865
543294
503650
289850
498175
628916
234751
142409
524909
338759
229020
406400
276116
218564
304920
473107
297375
553804
458568
169839
132832
688940
661620
555361
304517
300433
592239
434233
277837
579403
330409
196811
494751
580081
349287
290728
655724
490960
633073
530219
531721
484112
253429
149715
287579
299426
235209
607804
598062
219810
242900
247716
137428
193698
319001
220890
324476
161068
605698
579513
503558
139113
680810
544465
643492
124171
439671
455107
134956
165645
553786
206626
168374
668633
237754
681835
672753
281207
555654
583157
497241
422861
198056
571346
216568
610001
361208
517054
641624
235099
259087
571621
616007
555690
500153
263060
380654
349086
659789
324018
286901
589767
479571
257219
539869
204849
624833
545381
152937
664788
431687
111316
195126
264562
574697
334877
511908
652684
286535
232536
401474
463237
660869
106281
227097
408029
669585
667919
647154
684564
425901
544813
643858
656310
124317
173830
632340
261614
188717
589199
430772
507202
660082
310706
173244
102765
554683
438810
546333
592917
624522
162331
230888
242369
650707
585556
130103
431358
101410
280511
265075
616538
485522
471038
119282
214536
233213
254601
313215
263921
234751
368459
190054
421799
668780
105969
594345
351595
651146
489789
423997
458055
535951
107636
437913
225687
399570
317646
499457
517127
539283
228672
137794
287286
517420
562502
608023
670025
182675
403836
331178
293109
399515
544520
495904
178170
317023
428043
102362
281408
308454
600754
230302
631791
212851
675958
411820
522639
209665
517090
290857
313050
558034
646440
249968
495300
331581
585281
386074
184469
380361
132136
516193
486712
450804
485009
594638
502130
495300
614066
622636
418796
302283
190915
631901
653984
278533
280950
423209
698846
514435
504602
241307
423063
363753
674053
267437
295288
469280
211679
110694
275915
465178
356355
379391
438517
287707
663817
313837
675774
125306
207413
161580
146638
339491
385708
476696
420774
587551
542671
423850
376260
678558
107196
468987
607401
593832
258061
137318
598263
403030
220267
420444
418668
507312
399588
313251
398581
540547
261028
662352
337403
360073
157790
606998
104047
258226
416819
393838
184561
225651
287268
646843
433061
197983
258153
473363
382485
516834
151271
687988
571438
336598
695880
135066
443187
408176
391183
391421
673229
170864
163063
230265
681634
383786
421085
527821
386386
627873
622178
393710
554006
509931
347237
406436
603665
499933
596945
335151
221036
432621
112690
629063
638328
604965
429545
455620
536262
500427
666747
368862
424967
671545
562557
588925
259252
411948
559462
574349
545253
349031
645982
467998
693994
188626
561330
498230
678741
142830
669329
116315
352034
472320
107617
151399
678649
474425
518592
164345
640928
347969
568087
281719
672607
666619
358333
290912
377395
491272
341322
478033
188498
253630
638676
589566
125617
241325
374465
199026
505225
216385
527308
460088
160628
598282
307593
327131
628385
542451
166579
424802
456426
546004
243321
447453
691229
111371
155556
270055
299335
499750
341340
251653
180276
104798
656932
112580
526356
278790
637907
266869
586270
141530
129115
190896
588339
604086
490374
109613
479772
337843
283349
581747
638292
320905
646806
264727
412076
292468
465618
241453
244694
146583
140394
189175
240922
396915
663707
172439
329786
343062
609085
541078
281317
670501
539302
514472
532820
114576
640013
533515
281298
120563
484954
561202
398270
530384
539137
613498
422733
227647
506104
501471
189285
172292
125672
265862
147041
555599
528187
685809
125837
307447
351741
542195
206040
286700
328578
217777
448039
385910
346779
514637
137721
281921
293677
270421
504419
663323
687146
254912
167000
266045
600919
127631
465197
548585
290582
138215
331507
137739
625822
350551
260625
476476
135853
672039
432365
604837
373971
469042
544209
105383
607236
450127
210013
144404
338118
197983
280950
639903
263903
631443
344929
287927
380178
578835
560762
478417
234751
343959
683428
631498
638273
245848
236564
385946
437657
413651
488470
370876
258702
617692
187783
191647
224113
418357
115400
361757
553072
213620
608444
211515
448827
466735
512806
304901
580282
295123
320521
196042
364119
502094
548164
656218
153487
232096
512293
602896
139570
131349
558748
261980
672314
594473
301459
194522
606503
178939
127375
519031
179617
168392
323615
160848
227445
565743
283166
459777
643822
697876
545363
366939
690844
512860
527308
162551
465691
150941
102673
325611
130360
470690
283898
486639
410501
311310
364211
695129
369631
372762
575686
332423
165059
494549
419510
501837
591635
214628
524836
426634
519691
189633
592331
287835
233287
557759
678759
432420
375271
425297
178884
383639
304975
558492
560854
184524
575320
261467
211222
305799
135066
121918
646312
249510
162954
405631
445384
479608
339491
180825
362856
610807
663012
154274
174746
286700
616172
499530
516596
478912
388949
259288
468328
237773
164638
402792
542763
426597
374996
319367
633970
470177
130598
629814
181448
248997
333155
296387
306769
370602
275347
313050
178500
348811
235173
156874
562227
522785
670373
482171
211203
646422
319660
638347
454595
380050
616849
292889
639079
615055
124042
340736
380142
663066
190255
381021
279650
440934
141676
542872
265423
282470
209812
141182
409366
308545
103790
343757
380581
386532
633036
330903
589181
210581
486584
129078
577627
533753
375289
199374
115418
283294
643217
162532
353700
190603
354305
541444
295618
466570
160848
302356
339363
154146
159713
676470
349232
689032
442747
242534
411893
299683
347584
152260
133381
378292
515168
279412
433537
253429
159932
374026
693793
296094
259490
203000
614835
590133
269286
158174
240355
698407
269268
513355
302850
355788
348170
211258
548128
620603
132154
562044
594491
515241
463695
333979
382943
687695
537104
218509
574734
124866
297027
149916
552303
449339
206149
261559
380013
230247
387997
359597
181063
440184
251708
295636
286407
488800
604526
319312
412351
564846
358425
192325
622947
517402
637266
345039
533204
208127
590316
256743
109851
565139
119025
341340
325391
670281
422678
118934
421946
310834
169436
155336
241270
326948
399258
550252
176797
585867
364357
455510
604489
514563
414164
404788
548091
221659
130415
535676
435771
540272
619010
685809
303784
622489
364650
243870
103735
417295
154823
137098
669604
662975
478930
636259
600699
524946
309204
359450
217063
510901
469518
356044
643309
593832
698260
651970
176998
574752
211606
337403
598520
415995
473620
578542
377688
376461
178866
634300
634300
480139
354616
659276
208127
349013
587991
174471
295306
131678
685150
586782
406455
559041
168099
638383
103845
457982
315796
367708
273040
554646
555470
662957
385562
498450
510828
189138
508942
337898
112909
170663
320173
579751
680279
209867
279046
662554
574386
423356
217356
175918
336872
276977
500482
256743
114447
401144
417441
493579
678191
167129
155757
170553
442930
306311
417258
381991
393600
352986
631187
248778
324256
192306
620859
568307
696319
294665
680041
328468
122175
317518
115326
617692
380453
256120
610916
161635
569204
224296
671636
618461
103058
646550
100989
462999
561129
142756
170205
392264
291076
686743
434306
282434
576601
519782
651988
429252
473492
600607
365035
302832
321619
272857
393985
348207
638237
131458
605789
662682
199136
369027
610184
281664
414292
583541
140815
503668
603464
128748
377285
386166
278753
188278
564480
443388
239915
654881
185476
277306
588797
195877
444267
173043
669292
386459
314277
189999
238725
691540
109320
180001
277380
177749
633183
263536
342000
536958
663579
395541
469628
502057
627598
351814
338282
236802
224058
567446
690442
380654
249547
358406
325501
529963
584201
557668
267913
436705
393435
496857
616776
306073
302100
565047
483306
474169
596908
275658
322553
446886
613846
672881
265496
581655
566512
408597
357619
392666
171688
321619
510627
361428
128565
449760
673083
633586
207505
106555
226566
483215
605002
553749
113422
326160
320850
500446
102454
563179
413907
160848
698608
234660
492444
501123
303235
567794
495630
207157
130946
197525
322315
404239
289209
342750
363259
459795
127302
118659
293164
300855
660521
266851
378640
376955
576034
284027
258592
300140
426707
631004
653014
493176
519013
402884
556459
677038
501288
341963
172805
129389
558712
374282
347017
144807
221165
351411
350514
428227
690185
378475
376370
652886
691321
409751
400375
113971
158119
293237
564608
109302
554170
545051
139204
177932
538917
235374
219205
628568
384262
666930
612180
688427
647594
427110
273205
504144
107691
695514
143507
525990
669951
387429
348573
506232
246709
615275
212449
643602
519526
448534
244401
504328
389151
453990
153853
651750
219663
197232
450291
214957
283093
186648
484075
128602
510535
441392
484552
474279
556294
164309
451701
455272
681121
301257
457488
235777
660759
268023
613352
575796
226292
225944
459758
692914
642283
187783
234477
482391
128913
134791
175533
326691
134919
226402
315119
425626
166707
483782
520917
678521
580667
228379
240703
649553
644426
256926
107068
647630
473730
233891
657793
451830
150758
282763
328669
313910
430369
457616
574880
168941
140541
475634
477007
485485
683190
592679
688208
686340
141585
602164
278442
371371
600772
239549
332496
473492
386880
372671
257530
579128
232170
459978
656767
344234
471477
657518
525422
637559
276537
455876
225083
341762
634666
428611
393051
644334
477520
173171
442399
148872
266851
225706
609543
438646
642851
430845
405228
623075
241746
147902
425315
498871
688885
574679
377523
456774
673266
169967
280511
365236
310138
256267
691449
562410
697656
383804
518244
587460
673852
536958
273077
582644
280419
564827
322828
397391
339363
116572
193313
125452
448515
263372
483123
106720
402847
487591
243522
524415
147169
621152
380746
429618
266759
213749
536464
523682
522144
112525
603427
530311
234294
534211
331855
288238
426505
411124
383236
195877
129023
692346
687457
539137
552944
181027
659917
133784
539412
389572
134535
413468
590555
193295
169088
394607
688244
364467
178921
649663
206992
567409
155629
519672
127302
496472
226603
697601
255535
337550
311878
213657
656841
234880
534559
553768
607035
544099
340901
542415
670043
152773
586544
121387
606925
650011
544868
255388
522675
425864
693939
295672
357363
282269
238249
433464
327515
436448
221403
373824
424216
298218
586160
661547
373989
102289
237773
190310
569021
176998
467522
526209
572573
530549
391769
377010
506122
136000
363552
438371
124390
396622
212760
148286
284613
172182
470837
580960
415867
648180
636662
411307
295453
228544
239695
381552
337953
133876
356575
200967
303418
285510
537507
310010
230998
157497
198679
240263
504199
377340
636937
601230
654057
556679
522950
425352
406363
533515
229203
502625
179452
506854
648949
235667
338466
645195
462413
446977
612473
450200
306604
269176
180990
256560
404807
549959
435643
349544
112030
102454
123475
681286
333027
232847
478436
267199
468310
275896
446501
443846
445457
170168
211753
268993
691137
603830
328669
246049
400430
562355
267492
253044
159786
209647
478729
658379
279595
533369
382998
303748
292834
486108
592550
336323
576089
453423
570650
370638
148872
180276
635160
161983
607913
586599
112378
472356
652355
603885
547780
110254
156160
263482
379263
225486
644334
568325
179873
240373
128346
578872
675884
698517
358296
244914
646202
412296
446648
414365
310065
190658
320960
150044
508704
528059
561165
186117
287268
135908
477923
655229
583724
698242
188241
117396
430222
131825
144588
222391
573965
133326
273791
236290
323304
693445
581912
163961
125471
160170
581472
298346
482263
532215
597110
328028
109742
563381
506030
234220
148561
359944
169491
108496
530696
651622
111554
522419
109101
617637
101300
580319
456719
249162
194852
686761
340571
329402
693426
559462
577737
612290
173556
119263
279064
681469
646110
388308
587204
470544
399588
627653
514692
125892
384921
245610
389114
393307
497259
508045
510883
209665
211368
181777
330134
481127
326746
542616
149184
528535
478784
678961
456517
382101
572225
322297
298621
205820
193020
136183
596158
433390
555177
494348
610276
496527
638310
679675
665703
327442
472741
135066
536775
116041
227958
697748
602493
103626
260918
647484
576968
694195
380270
501160
521632
464446
482922
583871
145228
154018
219132
108258
498010
616996
442363
593576
466222
415848
500006
555049
573379
239457
121607
495575
494256
626060
560506
330372
388272
172420
545106
476183
257897
510993
296350
136110
239146
635307
167458
411618
229514
655980
562026
372341
560396
567721
487005
315778
319733
309095
196646
347401
431321
495996
483819
112818
297046
510224
474682
413157
508228
524470
283203
534834
432328
544795
181759
425095
181393
651970
243852
344490
568307
322828
515461
527509
357179
413138
271136
682714
614194
282763
611081
663616
464995
244932
555470
341359
665117
620402
492407
610770
489367
377963
135469
560799
146730
442747
647502
540584
226914
252953
486364
152626
184689
447069
629521
304059
568490
262072
333137
147334
199246
124592
282415
441813
206076
415427
288952
566970
124665
289593
591855
119153
364925
132392
518354
122651
453917
133198
560799
386331
160537
358058
425498
637468
108039
202322
310450
163576
580703
204648
367562
593924
530824
503577
206021
551387
292505
117890
592953
606687
408213
332148
207431
665538
674456
168447
404532
420280
212925
425773
645122
597385
273333
668303
548054
631663
373952
243559
220853
698920
286444
312171
425260
137867
271081
569973
233506
192947
668487
243962
332295
108826
454430
643638
629850
508338
663652
248100
322993
684783
289026
611356
480230
139955
162587
265935
497003
599124
624247
306952
479516
234092
684600
637266
313269
325996
688409
355239
272747
498431
584439
466570
528187
352913
608316
200803
205985
437254
684545
114539
558913
578506
553768
262017
302100
511615
531904
614524
271648
235026
107013
409952
661473
224479
280273
613718
194961
136201
257476
172164
287817
330940
397061
439817
157973
649754
221073
661766
339070
173226
395358
692291
553768
195035
484899
431193
402976
341066
191061
158797
227500
265789
676635
251195
398013
456627
484881
256652
589914
177767
659203
614725
299115
484863
369283
399130
355330
141365
650212
365786
688501
168484
560634
487005
105237
659258
366482
653453
531355
188351
256157
324824
476330
649095
193680
410648
576730
248357
216019
162386
573928
291168
180715
158138
383236
685827
670318
561184
210141
201059
459392
333448
369924
406473
651109
385672
567318
527253
688812
144661
491931
144716
549483
119831
286151
573818
325007
549483
341359
248741
697583
308527
179086
148103
315467
558950
673046
190713
175552
523829
368532
233360
218619
666564
355293
401859
643767
656493
650175
586380
348372
201993
145723
432676
199594
332405
481219
260149
543696
610129
692016
638127
659661
653911
393747
451573
363076
254875
157643
187674
666765
466240
632926
674090
104102
548164
472796
400595
421873
348939
620292
255242
248009
603775
609983
205985
641331
532289
442070
359505
529121
216257
284942
528040
538679
538606
162477
535804
429472
364907
282397
196078
231785
548824
561934
590243
498340
642576
606815
179891
374941
293731
500336
583706
296698
209610
658159
549666
215744
270476
505463
154530
166836
472832
232719
361318
677239
483966
586105
166268
226804
489294
148927
466588
464904
313215
670464
680151
190017
695349
698059
248192
198715
102802
669311
652849
609781
560414
319990
279962
170150
279284
164400
559188
148726
365987
504163
112049
124207
392575
121699
139680
273479
509528
115088
181063
466497
482336
629649
273315
574148
133253
143416
645195
695202
569405
662389
575045
308728
478271
281500
144386
458110
672259
468200
518592
172860
363204
524268
485559
234751
148268
582644
484057
694177
588357
595004
452654
443278
560323
466881
330555
251891
464428
196097
341835
172622
667992
371023
293878
521375
266558
684912
421726
339454
344105
422312
609195
143599
613150
374374
518409
470214
216147
538441
458605
619779
569771
258995
125709
508191
632560
565835
443919
430772
478124
365511
240336
445512
554244
642961
184231
181722
509912
528663
321949
180221
570907
588559
638639
171541
345717
192013
578414
198221
442546
114942
353792
587460
579000
233726
575924
680407
165719
466369
636699
124482
444890
217338
174123
234623
365145
282104
452214
230064
274157
667571
386331
252733
209922
684930
245848
573525
272143
170992
564663
492663
655028
394278
291369
140596
422568
502039
310120
285363
407718
664641
163375
353005
316565
573507
107892
566952
218912
248668
535127
612949
106464
212540
687402
135578
499677
185678
100989
672643
184817
561367
507459
533680
662462
414731
224277
228892
188205
503009
366482
354781
187655
213016
509839
542561
326179
512165
137611
575723
215030
659148
301605
283129
235191
130854
228892
513556
259929
121351
105475
598245
157442
469427
568380
607620
254894
170882
536811
208219
244896
332038
114356
626591
115986
320173
593045
325611
388052
367745
490466
500482
434178
186190
651531
199649
569936
246013
545820
177694
691742
678741
592001
685937
544978
257695
440257
307099
403726
613590
244383
240757
642924
140742
254399
144935
184323
150996
361336
140870
697766
530934
324897
486950
338319
258812
515955
327808
101575
437730
304462
225376
577352
600790
524451
277526
183535
345021
547176
331050
261486
649919
593759
694928
513721
136952
418503
260295
365603
426634
194211
633348
532069
248631
130598
587130
570669
262163
457250
239128
502240
641990
102289
460125
480303
186813
497992
121149
590609
606430
244401
684564
162056
143178
262896
345351
470086
584823
369796
429380
613938
424454
302503
254216
649059
624064
528535
159291
555708
537745
269030
311383
125288
251012
668139
591763
345369
692346
339033
571163
564846
373220
218583
679015
420499
512970
161031
572958
205966
604654
602658
615091
264745
378109
128236
660979
288018
416599
470891
267931
299133
583230
176156
528626
605350
513318
461919
236326
698572
129096
305249
388107
386184
232920
687494
132008
133143
535127
428648
564901
296661
573104
542708
686633
434672
277490
144679
117322
169527
241929
241105
683813
387924
252568
234696
481127
258263
333631
474957
116187
247185
465160
485595
338868
615824
229368
200198
567483
177602
541737
437474
314588
398618
323029
346852
419419
421616
468767
656438
693280
695404
171981
253905
483892
190255
355989
332057
565432
681194
472942
629759
259856
679766
424729
200162
196518
296167
462578
437071
415519
212723
621097
590500
621683
449596
343519
303217
695202
104724
454283
599234
465014
148653
334950
455235
451463
255644
259948
186776
184286
152480
548476
380032
602200
666033
288366
400430
540455
550929
488873
209629
412497
478564
617820
521906
692090
668596
579971
231181
501856
544429
692730
540126
114997
693646
315210
322242
676031
514783
287140
548769
146767
231748
233708
510865
384225
657060
692840
669054
356209
385012
520808
260717
601083
596469
132685
297229
537965
355843
433940
681414
533589
382339
198953
277398
531996
575887
353481
663433
553328
279595
516523
199100
268133
359871
458403
138435
553291
485083
231126
419895
635673
284613
227134
264415
330079
169015
322846
413157
377706
292853
563344
535768
190841
641386
144148
640654
410923
122175
146657
618479
585354
643345
183279
150136
569936
258959
408542
310340
162935
563674
252550
698206
176888
417167
532966
626060
654698
580062
301587
597714
636003
342366
482263
607382
580337
525697
255663
490594
453056
540638
647942
658324
580374
280474
678906
645488
679949
532380
526337
405264
572994
687567
662590
580319
384262
631333
619541
682165
136238
194687
138508
410062
143727
648381
361080
640635
314972
420682
617179
319312
365804
320521
466717
185147
252861
246690
151051
559993
432200
264763
110291
533259
649516
632798
523023
173959
468365
457067
324439
500592
242387
359249
259416
440733
338063
436119
426377
511176
313947
692987
468529
450090
662957
632395
668706
532453
423630
378970
103735
399753
466973
621995
315155
335572
364815
156636
451866
618021
446025
305524
141456
280419
547011
601321
246416
511451
462432
412076
361043
225871
202725
490521
605918
437474
264415
528077
575796
164895
619633
495520
597147
502149
430808
651164
551918
184707
197452
197635
223380
482665
540364
269176
620676
351961
530201
429710
637834
275164
566439
364028
504181
522895
112946
142427
381716
267254
696466
540602
166158
678430
274102
395798
247697
435752
176485
280621
287762
584439
532270
475579
568105
569332
580721
121662
568325
576803
178353
534559
528224
416123
306037
360952
651146
471587
682623
559114
104541
356447
691540
284283
674255
200253
526612
460527
428135
200436
363039
320045
246232
369759
460308
691449
172787
310651
602695
517951
647008
347731
584127
387155
568435
249803
143361
153066
653545
472594
655870
232224
439341
353371
388345
254711
390707
588815
622855
451665
467394
227299
655760
660283
607035
306934
178884
527528
480450
170553
248100
594217
375491
388839
346339
640141
565560
122926
146840
371920
419236
457817
483160
634666
607199
337568
131898
628660
662481
233799
314826
112415
650707
178683
326160
273406
406162
693500
391568
247331
290362
444230
565084
367855
528846
355458
370162
127284
682897
213492
591140
130195
512366
490393
521174
220560
185531
219810
473382
664183
492737
656200
460839
367269
419474
148213
652043
212833
535878
158156
508173
695697
558052
658068
407956
137574
138343
634153
266961
663744
240043
530714
157112
621958
353261
164675
432859
425370
307996
342146
370290
500592
140889
508155
625346
321912
171450
660741
117432
613205
144606
460985
444743
298584
195273
169729
637321
483325
691595
542744
154347
445824
112836
315046
131971
322370
618552
406326
387411
265679
664495
277874
186319
558455
522639
373128
279101
263317
660613
272344
412607
690332
237150
493194
623624
463311
270037
568160
520020
466259
132301
130287
656236
651109
333357
438261
209098
387979
241069
472228
460271
539430
101099
631553
491473
339564
209867
365841
599124
459685
597092
370400
434123
541353
674456
477300
173354
178353
406638
273498
129133
628825
660613
177126
502716
638438
689947
403323
288183
456517
609964
350496
633110
225742
220286
638914
261925
226988
230796
132209
268645
560506
247368
373513
484735
544649
173757
167074
528791
213547
585556
537159
344069
594693
332752
394845
130177
347896
127119
144423
475103
446977
170571
160518
193863
685058
580667
567061
480193
285034
469811
649480
277197
196445
234184
131513
473492
159822
508576
647539
630949
119868
543587
641844
450365
268792
261303
626261
481256
300836
345790
627122
482006
559609
424509
152956
136732
258977
497113
514234
534980
259252
267602
626041
320521
179525
336470
525532
515662
327772
508631
134919
527161
629649
373733
301422
539888
437309
415061
245408
604819
399844
402994
248064
227335
675903
529652
109687
162185
270440
240776
410007
621262
176431
221091
101611
600607
102911
689434
467907
332807
470598
259874
576766
170992
656346
525294
261083
310706
367690
219077
557649
655980
528755
312061
235264
435734
358589
300104
543843
476879
223582
439085
615183
540236
344673
383456
447160
625712
141108
584512
502258
452690
291662
504602
451811
622269
294775
603739
497259
267199
208603
354653
599545
696155
552651
442601
447948
238102
651695
206204
299774
593741
203806
275622
121754
299390
153249
264104
164840
410318
449797
269433
403397
409330
375600
241252
170058
447032
220945
570870
217576
519965
389975
359322
138893
692932
317847
320392
576601
171596
480432
174581
153157
531996
277764
490338
153047
112452
472723
628751
288147
475231
565944
348134
377486
543056
388272
324586
272784
517621
492151
144679
260991
185806
423008
426890
274798
520185
251982
427567
142940
379647
251305
188113
410868
217045
493341
379336
563619
399387
654918
499274
181741
647392
607767
580850
461827
200345
276794
465581
232499
412571
546901
599472
697656
387869
100092
207395
437584
558071
163869
402426
299957
611905
652062
285894
311035
680609
279705
195016
439213
586416
332844
153853
541609
660100
674731
484002
525074
134004
269524
431486
252971
216715
404971
565725
228947
655486
694983
607181
188809
492956
443590
239549
231858
224259
251689
563289
423045
460619
247240
546059
496912
306000
620859
526942
394900
152809
247533
530311
267016
103095
276116
645763
669182
521137
667406
230229
387594
124226
162514
188717
421305
517475
262493
289776
154146
578890
300452
571896
247514
401254
387631
597293
684985
596872
514508
209171
100092
471331
588174
348738
418815
672881
487408
388162
147407
623112
116443
136000
137465
535969
338942
570888
359120
130488
573159
660210
113532
244182
529817
519581
616373
652977
673742
469903
182968
303986
490576
247496
146876
467632
539833
524470
342805
214847
175533
194668
485156
326215
515662
582296
673778
238780
341670
428684
557613
537141
509436
614121
588028
394809
352528
670482
692730
672442
459740
641276
401675
278588
107123
545106
556221
699982
126972
198972
432566
306861
693866
657537
611191
540291
609799
424638
622910
187033
169381
293439
503320
448772
386386
371133
686816
611704
662627
144917
370949
422605
281005
145027
183114
378127
403488
461388
280273
432841
555342
669970
312995
332899
677020
625236
185513
281372
324879
674822
242497
341304
102033
152663
414090
283056
500372
507074
550380
681982
235282
519544
276684
372671
654222
171084
600626
666344
300195
612033
202506
636991
611869
591379
640178
483270
240831
202469
199393
271776
168172
300800
221512
268444
100769
650212
638987
363845
528974
153999
150465
599051
527052
427183
566842
298071
277252
465600
158705
213181
199063
468950
137629
389444
264745
173409
101428
554482
382467
150282
575338
540089
628257
426908
480120
341542
408029
686065
458330
321271
131019
600296
490081
562612
275658
356960
329511
480486
229276
530934
193149
694910
183151
160317
631590
473437
663506
582571
215397
549336
580282
685900
167092
421085
374850
133601
169692
539979
347511
416562
483673
291699
146620
490466
603409
378530
300085
254253
584109
507862
370693
225706
671050
393930
616776
470598
561568
378475
538789
341487
531941
676873
593887
282763
359706
355879
458989
657720
672936
449303
124134
654277
257878
317774
197104
625401
555928
658983
500592
120655
681268
474371
543147
364870
190603
199008
345460
440422
136000
100293
402609
129170
432145
152351
464153
470653
269378
691760
112964
592239
203732
461388
224094
467943
655010
348372
485064
362142
244383
422385
458660
614048
102857
380490
569533
319550
181429
605112
296039
366720
294610
140944
148140
380819
328358
197324
513208
435551
343684
482263
350295
686413
407279
574313
214811
182656
280346
238615
594327
614048
596762
693390
637046
648509
262035
132868
253996
417112
104303
513465
476550
602676
308362
308637
249895
687878
464190
439579
144404
619687
561330
487262
365749
245756
359981
392428
544960
179690
270513
349873
689984
250664
572262
302869
579733
394406
303162
144459
581967
141218
451262
231510
576327
357692
179397
317866
563546
398050
314496
113129
242387
321528
432347
172768
535365
132081
169491
326344
144478
296625
693316
349782
318360
297870
161379
688061
111939
678375
101886
134480
120051
531776
345570
272985
565889
697491
641221
389407
326051
415299
385379
458275
173006
695843
198001
111115
616428
363387
374758
392886
624558
427238
547816
412223
207065
337715
385873
492297
540236
583267
265093
328339
416178
584896
541810
157863
697089
343941
158467
650267
555654
199796
414200
521540
183370
553584
230796
180898
347420
113916
145906
215159
277618
521595
164327
617307
464922
308527
298675
365273
452306
448186
330921
257732
599509
252971
425736
212375
302924
475231
327149
533680
451793
168044
569552
155684
201883
562008
434489
166890
648161
114209
284393
222520
677349
585958
604453
351411
582040
504895
584036
562886
517145
668505
568746
560598
380416
444670
414420
368990
197763
525825
474425
579147
395193
492737
251286
619816
438151
244603
244090
360164
619651
251048
222831
450566
678668
682916
660997
107178
629722
377633
557430
347310
485028
495813
179177
581124
650560
624888
156124
166414
277123
586343
658763
632432
147810
502826
490521
379134
183004
381112
425864
358058
544172
167421
425205
541115
617783
331233
458019
283477
660595
333833
565578
386935
387411
438005
294153
169747
482830
614743
330427
549629
117817
203714
469829
445531
652886
483489
349580
505225
208621
607511
677331
264104
685260
462597
586636
342274
512091
305982
250865
585446
108441
536848
186465
356410
537086
459154
376791
283166
131404
591617
248082
269817
177914
181155
228581
276702
434837
476220
522108
475835
368331
616025
227207
688153
687677
292102
233525
508411
660302
238450
426102
624448
188406
306220
629337
136659
327992
579659
621464
584347
431669
489203
251140
684527
596725
178060
387246
290435
399405
278698
332917
575027
196756
155135
235557
346211
177419
367727
523591
100073
442326
416196
301550
518097
296826
517804
534632
414859
635417
276098
153780
642412
400266
597348
512915
357399
594784
510114
329255
557485
233543
644902
138142
693078
109796
229624
193606
260662
561843
557448
645708
184158
119355
583029
526283
290289
411252
603665
174105
284393
215836
281353
630692
532856
235099
362197
437913
458458
273901
349214
169289
454869
205454
284997
125123
326490
204538
100439
323872
160005
229405
485559
220029
233744
233836
538972
680627
471166
490539
352126
250755
244914
507001
184542
240263
237333
115345
186172
461956
563894
617161
123548
153304
465819
564644
665502
312482
378109
259362
284832
380123
279119
549904
132557
498029
528169
409439
140321
476128
297082
474773
507807
698791
402353
227885
230998
301917
243815
201370
227903
252055
456188
488836
317573
658525
379849
341762
609067
550050
156893
333888
156270
247349
159017
474371
435221
162331
353023
551094
499658
355623
110657
285290
371499
683666
468859
178756
122358
466295
346486
634849
402280
506543
124061
234495
271923
393344
492700
348830
494659
518940
378201
168978
344508
541847
447050
135047
286590
126862
400174
244951
385745
293200
160793
424693
200290
402133
362819
241105
216477
515278
245756
338649
380435
554921
362508
480963
583541
597494
406400
179012
457488
331489
163503
386770
335536
211075
496765
245518
135890
536793
367690
558510
423667
394168
602603
176797
607529
482171
208914
577682
327461
361977
148341
616941
189779
157991
372707
336250
105567
241911
229148
606815
389004
531318
640635
690625
271557
133839
167953
300507
188681
168520
159932
440403
694708
295105
297449
606723
162752
183004
338063
432456
325666
650798
167183
355129
213932
107801
162148
389718
147462
228819
575521
587936
536921
293274
143580
465142
351100
120124
426725
376058
406693
629740
487518
320557
136384
363826
412992
360750
191849
395120
687420
530696
137721
357363
321455
219864
592825
427641
544575
311878
274908
391641
166195
259307
305194
423466
212650
576199
228874
111188
345369
529450
507971
359322
467248
310193
142537
499420
223087
466533
576858
640233
200345
678869
346467
388565
536610
259050
622562
372048
139900
654588
109796
695074
628239
339180
654039
359249
194375
370931
215891
179562
102435
199210
566768
627488
622269
201700
363204
132173
107855
132868
356117
271319
426560
364742
391037
582553
644334
501819
555544
226804
174398
450841
530311
635069
494861
327003
499878
569222
241545
677715
679363
529011
382778
605112
413614
135615
481860
668816
504694
623698
353700
349855
124207
272619
121918
557320
366774
308673
382540
358589
400430
108972
280529
214994
670904
438810
605570
303491
315430
153212
113166
206113
242772
294482
577444
548164
235246
416398
381680
266393
329511
466790
553236
288842
231986
259618
648637
106793
425315
267583
595462
420994
522089
566842
296991
142573
322187
464776
506122
330610
329658
442381
374557
347072
585885
542323
583743
610660
574734
433720
263536
230668
256505
685553
205307
302393
186483
279028
575082
544740
174471
691192
233506
661968
441685
179928
268773
110401
531135
602640
248521
451573
527784
199045
597238
372652
444652
669970
205216
156087
531300
182766
275549
279064
160701
635252
515094
124354
451079
208841
475927
683831
478417
142592
553383
435606
636607
359047
447105
276537
600919
273333
391018
690844
651219
416819
558968
436265
411325
206204
351704
329292
160463
689966
172054
410282
573415
402518
193936
669860
645323
358278
532069
218070
457451
316199
318030
277343
140468
546223
689434
480285
490942
229093
198111
454118
197690
120527
243797
372488
534394
611081
639299
456261
474023
412955
513648
304205
282177
205124
259490
435166
145027
267821
530677
322755
488232
637632
596634
103827
143196
614762
459484
242186
216880
153340
640580
328358
221183
566329
442033
297211
318598
475799
590262
444267
439964
640672
267162
522053
530805
392190
435606
297906
482318
509198
465160
654332
403598
663781
564608
412992
390945
269176
627250
564077
450676
460802
195383
281811
331855
441520
350185
607584
524928
322883
233177
181814
582589
693280
405722
106226
219297
244017
352400
516926
545491
285363
535163
550545
692694
682769
503668
483929
386074
245299
468932
328980
120472
497406
245793
263921
496179
664751
571035
181906
170571
206113
102875
138728
582388
322169
308637
180422
104010
372176
146290
132282
179141
430589
546608
230393
100806
513977
601761
177053
587240
510150
667003
501233
610752
340315
281317
205380
436869
185824
113605
579861
129096
310504
640416
165993
476128
310028
161525
349599
397482
319477
459886
565358
184103
410318
511652
194137
429637
108057
353059
534046
609323
262017
310175
526374
362123
198019
297687
618204
232865
185879
593210
642283
130177
352272
393088
695935
656841
670794
356246
499915
168502
360018
642064
218693
517457
121296
648692
623276
536995
146913
358003
177767
423466
330445
493432
131202
271538
410227
196921
195529
319385
477282
231364
691302
559828
178976
214463
342000
673778
649590
290857
198788
342109
299115
547945
476165
292505
491510
182382
180514
536995
243651
523298
112397
357070
176229
118000
523792
692181
247844
387283
611887
287872
103607
455840
130268
660283
369338
264397
699048
432475
522858
169729
494916
699634
673321
538899
302832
178848
480175
343666
209885
600003
142647
661876
123310
493799
291388
691357
193442
233433
313086
583267
522968
686065
339711
500702
443846
330006
433390
608921
343025
194668
398251
403470
318232
478582
350459
282562
445054
602347
677770
169655
536628
352638
319568
492901
577206
673522
399258
327168
310706
561037
139405
405594
365712
617856
491729
406198
397848
123750
612400
620347
231254
578433
214701
408890
679913
172768
129627
552815
430387
545015
306000
103809
667223
677770
181265
241838
621940
492370
654350
345460
527418
396841
591525
581307
558364
143489
296954
418888
239439
652519
678851
177218
102252
157973
342366
409128
472393
332276
341139
229789
367708
545235
217887
195730
389389
114447
465911
640397
586654
502753
442436
472448
176577
319074
265313
543641
300360
279431
524049
391549
496985
183517
536500
264397
275805
263866
382650
233470
669347
363350
246562
499860
347090
297559
497644
101373
372176
258116
242845
526466
181777
413303
180587
640599
672570
362142
288055
232078
572445
598373
572848
383200
180056
640251
220377
572939
452928
182821
368239
517585
125709
328578
438719
655632
439854
452855
460747
282873
365786
360366
512732
444267
298950
288934
117084
388620
110858
616739
118128
692419
536555
429270
274432
659148
379592
402445
496747
100110
315888
157900
163045
303253
377670
346742
441667
496014
698608
218143
453917
208640
401749
329017
607456
244237
611100
550783
331471
661492
468328
629740
545289
476623
535914
657317
491180
490905
667663
306091
463109
149532
128217
188351
662224
638621
242644
592898
510755
326106
557192
356813
655156
153340
192764
128217
590152
283074
172311
176211
134535
210398
402994
604361
690460
442949
294977
123969
116681
556276
297650
643437
548219
131001
134700
629704
192196
377999
619340
698334
432530
357308
630674
188406
473656
597879
332881
378329
655193
223692
418046
298895
468346
392886
654186
199997
405814
155904
119465
426963
275823
539265
604178
562960
112085
560598
561367
393692
510627
381991
287652
350587
124830
107215
315394
588778
349928
429398
497296
555947
528205
235301
364943
608719
306146
372616
442436
332350
274816
286261
296332
520222
124647
330152
203092
469372
445988
660595
415445
548366
206424
517457
108789
493506
236729
199741
188974
389975
555690
541334
642521
193918
666106
393326
210874
551827
252495
119575
469573
173318
412186
211002
493817
313947
450584
625529
391549
223692
572408
159566
485522
117982
699799
257476
625199
327094
348537
565011
210215
580355
593905
233305
406290
681396
456993
679473
135011
530586
143196
409989
518647
151088
463842
413376
361354
674639
672167
528114
347914
343153
245116
492352
341340
283074
242094
481402
260515
307666
171834
439360
319221
104486
398819
211258
307630
463713
620273
381661
297760
103662
245280
426322
653966
150099
206992
682897
129646
424931
639280
546974
131770
201224
549135
600021
133912
180386
516028
474828
119703
347768
149458
165462
437327
663213
335902
187344
546754
442473
206571
494110
240757
385965
657060
157295
621079
111005
150081
115271
610715
543843
633036
197378
684033
427677
300708
529853
595572
502954
635508
329603
388949
416196
255461
592166
467119
113587
601907
679968
405155
375564
197800
117212
686926
448607
108020
397903
446794
630747
332826
112561
197690
566549
165755
400870
226768
508448
247349
235411
639775
500024
145686
343812
335646
538020
595169
674621
292431
268993
624778
613773
645598
677093
507074
657720
540382
319001
158998
349324
439158
562465
326142
183004
265093
384500
381075
485229
263390
585812
667846
176540
361318
377139
222977
421818
108515
194504
205142
474169
378347
298950
263756
319678
512037
617417
578762
428520
486547
380782
402042
619065
587515
615604
432237
341102
368642
245427
453844
584475
178481
258226
172146
119300
436265
696045
675079
674218
137465
123218
653233
558473
571236
329310
409330
334840
129756
123109
588522
648820
592056
173812
260424
220817
562374
355843
484570
507587
645268
153267
590152
438920
237956
380453
501563
336012
321839
574770
540876
217814
533717
517969
638475
201389
698663
242167
583212
202670
505261
377102
243211
644060
304828
194284
188681
174563
315577
605094
447819
509473
613187
468218
227354
595077
388913
663469
528590
405228
656603
687585
490539
175771
489642
428776
191208
383053
569442
275842
138380
272839
526264
218455
581014
245921
254015
694598
472613
506543
680169
441539
417954
680023
371865
106738
434068
605716
259691
274505
456993
411747
260295
265001
425498
677386
678979
161965
673046
189834
573708
424912
659111
501251
561751
342549
371261
392355
449998
483325
629264
249199
370455
199594
622159
658708
602036
141566
310138
229899
359963
237040
621757
346632
333979
693793
678411
258263
256597
680078
576748
414383
482757
440202
560799
450035
662004
300983
314606
127558
284448
525422
606906
441264
181979
269964
218876
591305
165627
201608
586673
632908
280566
430845
289172
107233
259911
116956
213163
660265
458733
601907
326399
555544
649223
428813
490246
487628
558473
301624
642961
201938
330244
341981
185073
527711
591580
499530
297815
529817
305890
272088
626005
186227
493616
191867
656731
697107
601633
633805
224973
231455
402811
402499
477355
618461
206882
254051
325373
588668
263939
608609
519434
672240
541554
410446
174599
159749
557283
191482
279925
432475
447270
694488
221751
467724
552486
112360
653197
626041
103882
499805
540236
526228
687494
613169
516156
514508
670904
135487
375454
334089
672387
342256
438408
301331
253777
364431
617527
394864
518409
505261
317389
163796
595480
366463
198770
261357
291809
240831
538588
110089
492718
126734
216605
305121
392703
621464
660649
661309
537544
649004
180953
111023
559041
479205
425517
158449
583560
193844
187088
696777
595535
256505
693664
694562
137446
342000
613187
357454
427439
681982
104138
471624
475414
282635
543019
335023
679656
471148
659880
182730
684436
326637
313599
512897
180422
252293
637669
619028
228782
244804
387869
135432
590408
117158
623441
501727
241453
231309
152297
552522
156490
396805
472393
539174
540492
291772
239604
389022
590756
262310
394168
508942
170388
456719
576363
539375
674273
150649
162954
164748
268627
619742
155647
387100
586142
215397
652666
368551
256926
600827
334767
249345
157350
202542
497095
247551
557704
434654
257823
446446
649699
151234
475121
576290
435533
283844
603482
596341
459557
119648
620804
183535
563491
577261
657482
334199
347017
135652
258538
384555
114557
573269
110401
256981
189633
372689
363259
637834
378109
148030
180331
692914
461388
350478
445549
427384
501178
608829
460417
695953
636552
160884
161818
169619
355000
332258
491638
265477
518610
118586
249510
545473
326362
227573
660338
390707
294208
636973
387118
257311
433958
424949
621043
320246
512055
528846
579513
611136
569918
188754
643931
456645
186721
332203
667937
123402
666088
455895
487664
675903
227702
461132
365273
153304
185495
598978
596908
672039
193185
181375
416233
559590
538807
214646
225083
526557
369100
411344
682330
382632
225578
536976
281957
303052
172842
147755
552229
551607
100861
675573
106336
466698
682366
316437
476788
216330
166451
678906
163723
128748
489953
648161
429307
504437
487390
622691
468932
316181
481201
379318
690588
103296
233268
523060
133766
266100
138893
377871
159090
667150
244768
474883
439744
545326
371902
693957
586251
449046
124958
415061
635655
394919
269103
135743
536390
157936
655760
110785
260204
699744
378310
270293
672094
640745
139314
572811
189816
582937
510132
649168
564205
189193
264415
293768
611155
225486
466881
259343
227079
472173
497955
111426
118751
310779
696539
398965
378732
692438
201169
496985
137831
494037
471606
578085
225925
368807
671306
268334
271831
496966
193002
644517
574404
543239
507752
328358
175057
227207
619083
134516
263994
412735
503650
428208
150429
122889
219333
248723
328834
186428
662206
355568
472027
522217
253484
652721
282415
567666
138069
147957
632817
657866
175314
103003
327845
660942
103882
531043
317335
276666
161562
297687
492956
303986
541517
581838
299261
284045
565889
352290
290454
224790
558565
417020
264122
613572
697674
500519
103113
623679
429710
506269
156966
121516
526044
620035
693921
580245
563234
610477
254949
306330
508686
183242
241124
685424
392264
145009
565102
253246
145814
233158
298621
498578
191299
568123
146840
203732
659093
184011
280877
429472
417570
194064
559774
550105
395395
247166
273223
245317
377450
631516
236253
454961
355934
481896
166982
202780
417862
246709
179049
295801
649992
671068
519581
605075
442711
451903
584091
134535
473894
422019
339747
383932
154201
218473
387979
212009
414914
692328
197690
106610
419419
415336
340736
467486
480157
140504
460216
408103
361519
572152
603500
283239
450529
101959
650853
647887
376278
667626
671032
254088
159529
189560
535072
192160
273498
142775
419529
581912
297302
119538
530457
520862
343318
139314
479223
295123
139387
562319
241746
359597
547707
562740
131990
293329
600790
618131
521174
636772
236821
370785
534065
616739
614707
317957
653398
665557
190493
486602
663689
340699
636589
349251
265862
550948
384518
337111
393747
695404
672991
206699
563820
221787
682128
616227
489422
610129
635417
168007
690588
487848
250352
273168
130873
283038
619321
494751
612564
121735
501563
325739
360915
175552
508008
258025
329566
366079
159676
698608
257585
231968
101428
589364
209848
665447
451720
286554
231877
523902
370235
356392
650322
623405
624155
242790
450383
319880
434562
463750
461626
384591
584274
292285
382943
379885
468035
578744
578469
641697
466717
669951
675298
674859
326582
282196
494549
467522
124738
683923
146712
131184
502405
444230
622892
171999
346706
503943
512751
200345
602878
624998
380929
184231
397482
174581
232737
253319
154421
300488
400668
159493
284759
653508
282653
400229
531465
313398
463842
111316
550636
274761
252532
334767
210269
348756
362069
568490
187838
437107
369375
203769
147920
234770
682037
557045
481256
117176
444560
501801
686193
268664
515571
607419
374227
207944
546718
390597
180404
567409
494934
586306
160115
281829
399222
443681
153468
643474
352858
153871
298547
379061
502936
215763
174654
405649
607749
645653
156929
620951
183847
237461
463549
184854
573818
579623
276757
448167
365767
634684
218967
384866
496307
388253
365145
484057
267821
573196
672881
158083
611539
175515
211130
422825
627360
328175
269250
506415
132154
698938
527125
142921
247368
578744
568014
406931
357289
376589
115253
445311
269341
127430
673962
362709
507605
319147
158943
416636
570742
444853
590591
178628
685589
586966
639097
417661
287780
239073
299115
562136
560598
272015
275622
496472
663085
450255
562319
148982
379116
204978
593887
226731
618241
470086
653398
554115
699817
487262
315961
571035
651549
586453
209977
247295
253777
648051
477227
569112
660668
452837
412973
654094
329621
626279
467577
251158
690222
182913
290454
481402
683685
177731
598025
176119
404495
470104
146620
468493
175112
307080
391916
594967
285107
532014
115674
562612
326124
124793
401529
238908
353627
480047
440733
319807
407059
529340
349287
132795
619248
313929
477685
130781
246617
314075
194321
433354
251396
341212
624210
271538
566970
299353
523792
492352
277526
621812
573562
179269
243870
489550
469298
345094
205618
637541
493561
353151
691998
455089
348354
623515
571896
386660
330482
279980
574825
539412
630692
294555
613517
503375
237901
185147
640049
291095
229752
623441
666179
202377
330702
608298
679565
120875
119044
361922
286792
248430
363918
404111
614725
183627
273589
161580
501160
150777
536592
368130
306421
685424
136274
612143
576620
382815
420811
487536
490320
615567
209299
504657
119611
626536
215525
416910
636937
303583
570577
119904
498560
642045
125452
178994
336818
601376
515131
541627
191263
162185
